timestamp,precision,recall,pred_time,color_threshold,depth_threshold,radius
1102_115251,0.56473800,0.08597314,0.80034643,0.15,0.05,0.10
1102_115748,0.56358569,0.08579893,0.79380262,0.15,0.06,0.10
1102_120242,0.56447057,0.08597471,0.79108070,0.15,0.07,0.10
1102_120735,0.56679302,0.08637837,0.78915897,0.15,0.08,0.10
1102_121228,0.56695857,0.08633315,0.78644368,0.15,0.09,0.10
1102_121719,0.56600863,0.08606574,0.78287354,0.15,0.10,0.10
1102_122209,0.56722653,0.08623621,0.78409228,0.15,0.11,0.10
1102_122700,0.56445095,0.08571635,0.77960618,0.15,0.12,0.10
1102_123149,0.56433476,0.08569826,0.77810441,0.15,0.13,0.10
1102_123637,0.56306650,0.08552327,0.77730799,0.15,0.14,0.10
1102_124125,0.56279639,0.08540412,0.77535070,0.15,0.15,0.10
1102_124613,0.56505676,0.08874074,0.74342046,0.20,0.05,0.10
1102_125048,0.56447171,0.08866917,0.73797103,0.20,0.06,0.10
1102_125522,0.56551435,0.08890256,0.73427694,0.20,0.07,0.10
1102_125954,0.56846465,0.08933060,0.72990576,0.20,0.08,0.10
1102_130425,0.56895634,0.08927732,0.72579929,0.20,0.09,0.10
1102_130854,0.56872762,0.08913083,0.72207479,0.20,0.10,0.10
1102_131322,0.57016128,0.08935675,0.71876438,0.20,0.11,0.10
1102_131748,0.56786756,0.08888093,0.71455176,0.20,0.12,0.10
1102_132213,0.56751988,0.08891043,0.71115723,0.20,0.13,0.10
1102_132637,0.56660949,0.08879186,0.70915008,0.20,0.14,0.10
1102_133100,0.56643079,0.08870339,0.70585751,0.20,0.15,0.10
1102_133522,0.56571504,0.08984142,0.70586765,0.25,0.05,0.10
1102_133943,0.56434256,0.08956320,0.69804873,0.25,0.06,0.10
1102_134402,0.56504156,0.08966780,0.69114038,0.25,0.07,0.10
1102_134819,0.56867535,0.09007048,0.68481683,0.25,0.08,0.10
1102_135233,0.57066400,0.09019022,0.67976351,0.25,0.09,0.10
1102_135645,0.57153569,0.09022089,0.67351889,0.25,0.10,0.10
1102_140055,0.57340843,0.09054256,0.66804425,0.25,0.11,0.10
1102_140503,0.57009042,0.08986776,0.66250810,0.25,0.12,0.10
1102_140909,0.57028463,0.08991161,0.65824741,0.25,0.13,0.10
1102_141313,0.56962489,0.08990414,0.65372127,0.25,0.14,0.10
1102_141716,0.57022460,0.08998298,0.65000888,0.25,0.15,0.10
1102_142117,0.55547157,0.08828400,0.67542516,0.30,0.05,0.10
1102_142528,0.55412824,0.08793638,0.66506913,0.30,0.06,0.10
1102_142935,0.55458711,0.08794955,0.65567352,0.30,0.07,0.10
1102_143338,0.55782844,0.08825431,0.64735331,0.30,0.08,0.10
1102_143738,0.55649289,0.08779540,0.63819200,0.30,0.09,0.10
1102_144135,0.55680392,0.08775568,0.62896931,0.30,0.10,0.10
1102_144529,0.55874741,0.08800146,0.62261937,0.30,0.11,0.10
1102_144920,0.55423745,0.08707440,0.61409753,0.30,0.12,0.10
1102_145308,0.55344681,0.08688250,0.60793991,0.30,0.13,0.10
1102_145654,0.55093108,0.08659308,0.60167901,0.30,0.14,0.10
1102_150038,0.55201248,0.08671931,0.59659082,0.30,0.15,0.10
1102_150419,0.54358663,0.08582272,0.64985710,0.35,0.05,0.10
1102_150820,0.54257473,0.08552150,0.63633871,0.35,0.06,0.10
1102_151217,0.54192787,0.08537522,0.62437154,0.35,0.07,0.10
1102_151609,0.54380321,0.08535674,0.61271785,0.35,0.08,0.10
1102_151956,0.54050859,0.08459464,0.60147356,0.35,0.09,0.10
1102_152340,0.54144913,0.08464124,0.59045364,0.35,0.10,0.10
1102_152719,0.54144566,0.08453605,0.58054693,0.35,0.11,0.10
1102_153055,0.53529042,0.08330581,0.56995515,0.35,0.12,0.10
1102_153427,0.53310850,0.08289035,0.56135452,0.35,0.13,0.10
1102_153755,0.52901913,0.08235791,0.55315907,0.35,0.14,0.10
1102_154121,0.53021724,0.08246801,0.54702010,0.35,0.15,0.10
1102_154445,0.53460575,0.08375488,0.62864135,0.40,0.05,0.10
1102_154838,0.53350850,0.08327710,0.61304062,0.40,0.06,0.10
1102_155226,0.53183679,0.08298217,0.59767497,0.40,0.07,0.10
1102_155608,0.53161656,0.08250734,0.58275569,0.40,0.08,0.10
1102_155944,0.52704380,0.08149495,0.56948508,0.40,0.09,0.10
1102_160316,0.52657214,0.08132821,0.55683377,0.40,0.10,0.10
1102_160643,0.52564413,0.08098728,0.54393044,0.40,0.11,0.10
1102_161006,0.51827592,0.07960564,0.53168269,0.40,0.12,0.10
1102_161324,0.51604858,0.07921279,0.52139501,0.40,0.13,0.10
1102_161638,0.51190552,0.07858066,0.51203780,0.40,0.14,0.10
1102_161948,0.51221569,0.07858165,0.50286124,0.40,0.15,0.10
1102_162256,0.52652776,0.08225744,0.60461463,0.45,0.05,0.10
1102_162640,0.52592355,0.08183628,0.58827153,0.45,0.06,0.10
1102_163019,0.52373172,0.08148925,0.57041580,0.45,0.07,0.10
1102_163351,0.52017761,0.08020395,0.55288541,0.45,0.08,0.10
1102_163717,0.51128651,0.07845699,0.53638236,0.45,0.09,0.10
1102_164036,0.50675114,0.07760032,0.51971913,0.45,0.10,0.10
1102_164350,0.50350412,0.07680303,0.50579348,0.45,0.11,0.10
1102_164658,0.49554051,0.07526764,0.49228232,0.45,0.12,0.10
1102_165001,0.49158331,0.07451183,0.47848851,0.45,0.13,0.10
1102_165300,0.48769761,0.07378238,0.46542262,0.45,0.14,0.10
1102_165553,0.48816577,0.07387125,0.45525893,0.45,0.15,0.10
